100.0
87.5
85.71428571428571
96.55172413793103
88.0
100.0
100.0
100.0
100.0
99.96975379589863
100.0
95.6140350877193
66.66666666666666
100.0
100.0
100.0
100.0
85.56701030927834
75.0
99.80449657869013
95.28301886792453
98.09523809523809
75.0
99.95751911639762
83.11688311688312
98.65319865319864
100.0
66.66666666666666
100.0
93.93139841688655
100.0
96.98340874811463
100.0
98.8663967611336
97.33542319749216
100.0
100.0
97.02127659574468
100.0
100.0
100.0
94.73684210526315
100.0
100.0
99.16974169741697
100.0
100.0
100.0
100.0
100.0
100.0
100.0
96.13259668508287
99.09420289855072
100.0
100.0
100.0
100.0
92.24137931034483
100.0
100.0
100.0
100.0
100.0
98.80382775119617
100.0
100.0
100.0
75.0
100.0
99.97220678154531
100.0
85.71428571428571
99.5937711577522
100.0
100.0
94.27083333333334
100.0
99.29006085192698
100.0
98.63013698630137
100.0
99.36102236421725
100.0
100.0
96.51474530831099
100.0
95.34883720930233
97.31389102072141
99.60598896769109
75.0
93.16239316239316
100.0
99.82905982905983
100.0
100.0
90.66666666666666
100.0
99.8877245508982
91.66666666666666
99.93564993564993
100.0
100.0
100.0
99.40962761126248
99.48400412796697
100.0
99.79838709677419
100.0
80.0
100.0
93.13304721030042
100.0
100.0
100.0
100.0
100.0
100.0
99.92008949976027
100.0
100.0
99.5167136528393
100.0
84.78260869565217
100.0
94.75308641975309
100.0
95.1048951048951
99.96753246753246
95.65217391304348
100.0
99.9552071668533
99.98790151835945
100.0
99.78759558198811
100.0
100.0
99.673735725938
100.0
99.07407407407408
99.01547116736991
99.49044585987261
100.0
100.0
100.0
99.7638167217761
99.84917043740573
97.47191011235955
100.0
100.0
99.91757335970985
97.36147757255937
100.0
100.0
100.0
100.0
73.68421052631578
100.0
99.9065129323777
100.0
94.02985074626866
60.0
100.0
100.0
100.0
88.09523809523809
100.0
98.97058823529412
99.03846153846155
66.66666666666666
97.15698393077874
98.36289222373806
100.0
100.0
86.15384615384616
83.33333333333334
100.0
100.0
100.0
100.0
98.5539488320356
95.80645161290322
99.29006085192698
80.0
100.0
100.0
100.0
100.0
100.0
99.6951219512195
100.0
97.61904761904762
97.0414201183432
100.0
95.75596816976127
100.0
100.0
100.0
100.0
100.0
99.7496871088861
80.0
98.8621997471555
100.0
99.48096885813149
100.0
100.0
99.97580303671889
100.0
100.0
93.10344827586206
99.76958525345621
100.0
88.88888888888889
100.0
100.0
100.0
99.51338199513383
99.83514671941973
100.0
100.0
99.96662773235443
99.95765403345331
80.0
97.27272727272728
97.6
99.33774834437085
96.49595687331536
97.12643678160919
100.0
100.0
99.97102289191538
100.0
100.0
100.0
98.3941605839416
100.0
99.95359090381714
98.46153846153847
99.87917841320983
100.0
98.84615384615385
100.0
100.0
99.73614775725594
100.0
100.0
100.0
99.71387696709584
66.66666666666666
100.0
66.66666666666666
88.76404494382022
85.71428571428571
100.0
100.0
84.375
96.98375870069606
100.0
100.0
96.42857142857143
100.0
100.0
100.0
96.02446483180428
100.0
97.6923076923077
98.0
90.0
100.0
100.0
98.9648033126294
100.0
100.0
85.71428571428571
100.0
100.0
100.0
87.5
99.85835694050992
100.0
92.20779220779221
100.0
100.0
100.0
100.0
100.0
72.72727272727273
88.07339449541286
91.41414141414141
100.0
100.0
99.10630291627469
100.0
100.0
99.79572887650882
96.95121951219512
100.0
100.0
89.8989898989899
83.87096774193549
100.0
100.0
100.0
91.66666666666666
89.00523560209425
68.18181818181817
100.0
100.0
98.96818572656922
100.0
100.0
100.0
100.0
89.3719806763285
100.0
99.58791208791209
100.0
100.0
66.66666666666666
100.0
100.0
100.0
99.98674267532812
99.85994397759103
100.0
100.0
94.08740359897172
80.76923076923077
100.0
100.0
100.0
100.0
100.0
100.0
100.0
100.0
75.0
100.0
100.0
100.0
100.0
90.69767441860465
100.0
100.0
97.91044776119404
99.96671105193076
96.57142857142857
100.0
100.0
92.85714285714286
96.11111111111111
97.61606022584692
100.0
82.6086956521739
100.0
98.3529411764706
97.88732394366197
100.0
97.67441860465115
100.0
100.0
100.0
99.49290060851928
100.0
100.0
99.9065129323777
99.27536231884058
99.30609097918273
100.0
99.9677211103938
100.0
100.0
100.0
86.66666666666667
100.0
100.0
99.95951417004049
100.0
71.42857142857143
100.0
100.0
98.58156028368793
98.91304347826086
100.0
100.0
90.0
100.0
100.0
75.0
75.0
100.0
100.0
100.0
75.0
100.0
94.95268138801262
100.0
100.0
100.0
95.41984732824427
99.95953055443141
100.0
100.0
100.0
100.0
93.44262295081968
100.0
100.0
100.0
99.92641648270786
100.0
97.28506787330316
99.9166203446359
100.0
100.0
100.0
100.0
98.96907216494846
100.0
85.71428571428571
99.982397465235
99.17355371900827
99.8660415271266
83.33333333333334
99.5093666369313
100.0
99.96145445201078
94.82758620689656
99.93564993564993
100.0
82.95454545454545
97.33333333333334
100.0
87.5
100.0
100.0
100.0
96.72131147540983
83.33333333333334
92.22222222222223
98.77216916780355
98.39307787391843
100.0
100.0
93.03030303030303
99.88501341510158
70.0
96.62921348314607
100.0
99.93575742001799
100.0
99.78569073524564
94.94949494949495
100.0
100.0
93.57429718875501
78.57142857142857
100.0
100.0
85.0
100.0
96.99612403100775
99.6268656716418
100.0
100.0
100.0
100.0
100.0
88.88888888888889
100.0
82.35294117647058
100.0
82.75862068965517
99.9878108239883
100.0
100.0
96.24217118997912
100.0
100.0
100.0
100.0
100.0
85.71428571428571
79.16666666666666
100.0
100.0
100.0
100.0
81.57894736842105
75.0
98.4472049689441
92.93286219081273
100.0
100.0
93.91304347826087
100.0
92.65033407572383
100.0
75.0
100.0
99.98185227753918
100.0
95.83333333333334
100.0
100.0
100.0
100.0
99.98790151835945
100.0
100.0
100.0
100.0
97.91666666666666
95.3125
85.41666666666666
100.0
100.0
99.80891719745223
97.0873786407767
100.0
99.29078014184397
100.0
100.0
100.0
93.10344827586206
85.71428571428571
100.0
100.0
100.0
100.0
99.78432782171099
100.0
100.0
100.0
100.0
100.0
99.9166203446359
100.0
87.5
88.23529411764706
99.88125865822283
93.14285714285714
83.33333333333334
95.68106312292359
100.0
100.0
99.64664310954063
98.00498753117208
100.0
100.0
100.0
99.72872160054256
99.89484752891693
99.84836997725549
100.0
99.68188622754491
100.0
95.0
66.66666666666666
83.33333333333334
89.55223880597015
100.0
100.0
96.49122807017544
99.75031210986268
97.30722154222767
100.0
97.84250269687162
100.0
94.66666666666667
100.0
99.95393827729157
100.0
100.0
100.0
100.0
96.17224880382776
99.28571428571429
100.0
92.10526315789474
50.0
99.44779116465864
98.30508474576271
60.0
50.0
100.0
100.0
90.625
98.45053635280095
99.09502262443439
93.75
83.33333333333334
88.88888888888889
96.77996422182468
100.0
100.0
98.83268482490273
99.95173745173746
100.0
100.0
94.3820224719101
95.06172839506173
99.46808510638297
98.85496183206108
100.0
100.0
100.0
100.0
88.88888888888889
96.19883040935673
99.41724941724942
100.0
99.97900482888934
98.06451612903226
93.4931506849315
100.0
99.9451754385965
75.0
100.0
100.0
100.0
100.0
80.76923076923077
82.35294117647058
60.0
100.0
100.0
99.97945346209164
100.0
99.97712194005949
99.85724482512491
88.88888888888889
100.0
99.59693671906489
100.0
97.74011299435028
100.0
100.0
100.0
100.0
100.0
100.0
100.0
100.0
98.93617021276596
88.52459016393442
100.0
100.0
100.0
100.0
99.88627748294162
100.0
97.48201438848922
100.0
86.66666666666667
100.0
100.0
100.0
91.66666666666666
99.94860593601439
98.58012170385395
99.29278642149929
100.0
100.0
77.77777777777779
100.0
100.0
100.0
99.31730483823092
100.0
92.3076923076923
100.0
92.23300970873787
96.6789667896679
100.0
100.0
99.96389891696751
99.72497249724972
100.0
100.0
100.0
100.0
99.92571959145775
99.5937711577522
100.0
99.63235294117648
100.0
91.2621359223301
100.0
99.79591836734694
88.88888888888889
88.23529411764706
99.67105263157895
100.0
100.0
99.97992773986351
90.9090909090909
100.0
100.0
100.0
100.0
99.89327641408752
95.11111111111111
99.7920997920998
100.0
100.0
99.92221934145708
100.0
100.0
99.91971095945404
92.3076923076923
100.0
100.0
100.0
100.0
100.0
60.0
100.0
100.0
89.13043478260869
100.0
95.8041958041958
93.33333333333333
100.0
96.63299663299664
89.36170212765957
77.77777777777779
66.66666666666666
100.0
100.0
100.0
100.0
100.0
100.0
84.84848484848484
98.3926521239954
100.0
100.0
100.0
99.68421052631578
99.87080103359173
96.29629629629629
97.98115746971736
90.0
100.0
99.77765425236242
100.0
100.0
100.0
100.0
98.75424688561722
93.75
100.0
87.5
100.0
100.0
98.56115107913669
100.0
100.0
83.33333333333334
100.0
99.08466819221968
85.0
100.0
100.0
95.74468085106383
88.57142857142857
88.40579710144928
100.0
100.0
98.85496183206108
100.0
100.0
100.0
100.0
100.0
94.11764705882352
99.80842911877394
100.0
99.93577392421324
100.0
96.93877551020408
71.42857142857143
100.0
100.0
100.0
85.71428571428571
100.0
100.0
100.0
100.0
100.0
98.75690607734806
94.32624113475178
99.91176989588848
95.3307392996109
100.0
100.0
100.0
100.0
95.38461538461539
100.0
100.0
100.0
100.0
100.0
99.81343283582089
100.0
69.23076923076923
100.0
99.87531172069825
100.0
90.47619047619048
93.85964912280701
100.0
100.0
77.77777777777779
100.0
100.0
100.0
94.05405405405406
99.95884773662551
99.15254237288136
98.83990719257541
100.0
100.0
100.0
99.79423868312757
87.09677419354838
99.91416309012877
100.0
100.0
100.0
100.0
100.0
88.88888888888889
100.0
75.0
94.57700650759219
100.0
97.75784753363229
100.0
100.0
99.74160206718346
100.0
97.88732394366197
100.0
100.0
100.0
99.946628713752
99.83242563887725
97.27626459143968
100.0
100.0
99.73544973544973
92.08633093525181
100.0
100.0
100.0
100.0
100.0
100.0
100.0
100.0
100.0
100.0
100.0
90.0
85.1063829787234
100.0
90.47619047619048
100.0
100.0
97.13155291790306
100.0
73.91304347826086
100.0
100.0
90.69767441860465
100.0
100.0
100.0
100.0
83.33333333333334
90.47619047619048
100.0
97.70642201834863
100.0
100.0
93.46153846153847
99.6140350877193
100.0
66.66666666666666
99.07529722589167
100.0
75.0
83.33333333333334
100.0
99.67845659163987
99.9756216479766
100.0
100.0
100.0
100.0
88.42105263157895
100.0
100.0
100.0
95.75
100.0
86.36363636363636
93.75
100.0
93.99141630901288
99.94888178913737
100.0
92.3076923076923
100.0
100.0
100.0
100.0
100.0
100.0
100.0
96.06741573033707
100.0
100.0
100.0
98.70214146658014
89.79591836734694
100.0
100.0
100.0
100.0
98.98989898989899
99.71455756422455
71.42857142857143
99.20634920634922
100.0
100.0
97.81420765027322
100.0
99.6244131455399
99.51716738197425
92.15686274509804
99.71707010374095
100.0
90.38461538461539
100.0
98.61660079051383
93.10344827586206
100.0
99.94706894270213
100.0
99.22705314009661
100.0
80.95238095238095
99.74025974025975
100.0
100.0
100.0
100.0
100.0
98.50299401197606
100.0
98.3739837398374
100.0
99.98790151835945
100.0
100.0
100.0
100.0
98.43205574912892
99.35897435897436
99.45054945054946
100.0
50.0
100.0
93.33333333333333
97.90794979079497
99.28475637013858
100.0
100.0
100.0
100.0
100.0
87.5
100.0
100.0
100.0
100.0
99.80591945657447
100.0
97.51434034416826
99.71974942301351
98.72727272727273
90.9090909090909
91.30434782608695
96.68089830557662
